# oST version 5.0 parameters


[image]

width
1280

height
720

[narrow_stereo]

camera matrix
998.730158 0.000000 622.770159
0.000000 999.932948 357.761309
0.000000 0.000000 1.000000

distortion
-0.041129 0.050256 0.001378 -0.000198 0.000000

rectification
1.000000 0.000000 0.000000
0.000000 1.000000 0.000000
0.000000 0.000000 1.000000

projection
992.316711 0.000000 622.699317 0.000000
0.000000 995.412170 358.289717 0.000000
0.000000 0.000000 1.000000 0.000000

