image_width: 1280
image_height: 720
camera_name: camera
camera_matrix:
  rows: 3
  cols: 3
  data: [961.220251, 0.000000, 632.408755, 0.000000, 960.397559, 343.024097, 0.000000, 0.000000, 1.000000]
distortion_model: plumb_bob
distortion_coefficients:
  rows: 1
  cols: 5
  data: [0.023579, -0.086724, -0.006520, -0.001477, 0.000000]
rectification_matrix:
  rows: 3
  cols: 3
  data: [1.000000, 0.000000, 0.000000, 0.000000, 1.000000, 0.000000, 0.000000, 0.000000, 1.000000]
projection_matrix:
  rows: 3
  cols: 4
  data: [955.122131, 0.000000, 629.977171, 0.000000, 0.000000, 962.088257, 340.010928, 0.000000, 0.000000, 0.000000, 1.000000, 0.000000]
