image_width: 1280
image_height: 720
camera_name: head_camera #camera
camera_matrix:
  rows: 3
  cols: 3
  data: [952.225676, 0.000000, 614.369168, 0.000000, 951.972529, 334.754689, 0.000000, 0.000000, 1.000000]
distortion_model: plumb_bob
distortion_coefficients:
  rows: 1
  cols: 5
  data: [0.024127, -0.092141, -0.002405, -0.002933, 0.000000]
rectification_matrix:
  rows: 3
  cols: 3
  data: [1.000000, 0.000000, 0.000000, 0.000000, 1.000000, 0.000000, 0.000000, 0.000000, 1.000000]
projection_matrix:
  rows: 3
  cols: 4
  data: [943.327698, 0.000000, 608.718147, 0.000000, 0.000000, 954.107605, 333.545116, 0.000000, 0.000000, 0.000000, 1.000000, 0.000000]
